3 2325
2326 2326
4 2327
2328 2328
5 2329
6 2330
2331 2331
7 2332
8 2333
2334 2334
2335 2335
2336 2336
9 2337
10 2338
11 2339
12 2340
13 2341
14 2342
15 2343
2344 2344
16 2345
17 2346
2347 2347
18 2348
2349 2349
19 2350
20 2351
2352 2352
2353 2353
21 2354
22 2355
23 2356
2357 2357
24 2358
25 2359
26 2360
28 2361
29 2362
32 2363
33 2364
34 2365
35 2366
36 2367
2368 2368
37 2369
2370 2370
38 2371
2372 2372
39 2373
40 2374
2375 2375
41 2376
42 2377
43 2378
2379 2379
44 2380
45 2381
46 2382
47 2383
2384 2384
48 2385
49 2386
50 2387
51 2388
52 2389
53 2390
54 2391
55 2392
56 2393
57 2394
2395 2395
58 2396
59 2397
2398 2398
60 2399
61 2400
62 2401
63 2402
2403 2403
64 2404
65 2405
66 2406
67 2407
68 2408
70 2409
73 2410
75 2411
76 2412
2413 2413
77 2414
2415 2415
78 2416
79 2417
80 2418
83 2419
84 2420
85 2421
2422 2422
86 2423
87 2424
88 2425
89 2426
90 2427
91 2428
92 2429
2430 2430
93 2431
94 2432
95 2433
96 2434
97 2435
98 2436
99 2437
100 2438
101 2439
102 2440
103 2441
104 2442
105 2443
106 2444
107 2445
2446 2446
108 2447
109 2448
2449 2449
2450 2450
110 2451
111 2452
112 2453
113 2454
2455 2455
114 2456
115 2457
2458 2458
116 2459
117 2460
118 2461
119 2462
122 2463
123 2464
124 2465
125 2466
126 2467
127 2468
128 2469
2470 2470
129 2471
130 2472
2473 2473
131 2474
2475 2475
2476 2476
132 2477
133 2478
135 2479
2480 2480
136 2481
2482 2482
137 2483
138 2484
2485 2485
2486 2486
2487 2487
2488 2488
139 2489
2490 2490
2491 2491
140 2492
141 2493
2494 2494
142 2495
2496 2496
2497 2497
2498 2498
143 2499
2500 2500
2501 2501
144 2502
2503 2503
145 2504
2505 2505
146 2506
147 2507
148 2508
149 2509
150 2510
151 2511
2512 2512
152 2513
2514 2514
2515 2515
153 2516
154 2517
2518 2518
155 2519
156 2520
157 2521
2522 2522
158 2523
159 2524
2525 2525
2526 2526
160 2527
161 2528
2529 2529
162 2530
163 2531
164 2532
2533 2533
165 2534
166 2535
167 2536
168 2537
169 2538
170 2539
172 2540
173 2541
174 2542
175 2543
2544 2544
176 2545
177 2546
2547 2547
178 2548
2549 2549
2550 2550
179 2551
2552 2552
2553 2553
181 2554
2555 2555
182 2556
2557 2557
2558 2558
184 2559
2560 2560
2561 2561
2562 2562
185 2563
2564 2564
186 2565
187 2566
188 2567
189 2568
190 2569
191 2570
192 2571
2572 2572
2573 2573
193 2574
2575 2575
195 2576
196 2577
2578 2578
197 2579
198 2580
199 2581
200 2582
201 2583
202 2584
2585 2585
2586 2586
203 2587
204 2588
2589 2589
205 2590
206 2591
207 2592
208 2593
209 2594
2595 2595
210 2596
211 2597
212 2598
213 2599
214 2600
2601 2601
2602 2602
215 2603
216 2604
217 2605
218 2606
219 2607
220 2608
221 2609
2610 2610
2611 2611
2612 2612
222 2613
2614 2614
223 2615
224 2616
225 2617
2618 2618
226 2619
227 2620
230 2621
231 2622
232 2623
233 2624
235 2625
236 2626
237 2627
238 2628
2629 2629
239 2630
240 2631
241 2632
242 2633
2634 2634
243 2635
244 2636
2637 2637
245 2638
2639 2639
246 2640
247 2641
248 2642
250 2643
2644 2644
251 2645
253 2646
254 2647
255 2648
2649 2649
256 2650
257 2651
2652 2652
258 2653
2654 2654
2655 2655
259 2656
260 2657
261 2658
262 2659
2660 2660
2661 2661
2662 2662
2663 2663
263 2664
264 2665
265 2666
2667 2667
266 2668
267 2669
268 2670
269 2671
270 2672
272 2673
273 2674
275 2675
276 2676
277 2677
278 2678
279 2679
280 2680
282 2681
283 2682
284 2683
286 2684
287 2685
288 2686
289 2687
290 2688
292 2689
293 2690
294 2691
295 2692
296 2693
297 2694
298 2695
299 2696
300 2697
301 2698
302 2699
303 2700
304 2701
305 2702
306 2703
307 2704
308 2705
309 2706
310 2707
311 2708
312 2709
313 2710
314 2711
315 2712
316 2713
2714 2714
2715 2715
317 2716
2717 2717
2718 2718
2719 2719
2720 2720
319 2721
2722 2722
2723 2723
320 2724
2725 2725
321 2726
2727 2727
322 2728
323 2729
324 2730
325 2731
2732 2732
326 2733
327 2734
328 2735
330 2736
2737 2737
331 2738
2739 2739
332 2740
333 2741
334 2742
335 2743
336 2744
337 2745
338 2746
339 2747
340 2748
341 2749
342 2750
344 2751
345 2752
346 2753
348 2754
349 2755
350 2756
352 2757
353 2758
354 2759
355 2760
356 2761
357 2762
358 2763
359 2764
360 2765
363 2766
364 2767
369 2768
370 2769
371 2770
372 2771
373 2772
374 2773
375 2774
376 2775
377 2776
378 2777
379 2778
380 2779
381 2780
382 2781
383 2782
384 2783
385 2784
2785 2785
2786 2786
2787 2787
2788 2788
386 2789
387 2790
388 2791
2792 2792
390 2793
391 2794
393 2795
394 2796
395 2797
2798 2798
2799 2799
2800 2800
2801 2801
2802 2802
396 2803
2804 2804
397 2805
402 2806
403 2807
404 2808
405 2809
406 2810
407 2811
408 2812
409 2813
410 2814
411 2815
412 2816
413 2817
414 2818
415 2819
416 2820
417 2821
419 2822
420 2823
421 2824
422 2825
423 2826
424 2827
425 2828
426 2829
427 2830
428 2831
429 2832
431 2833
432 2834
433 2835
434 2836
436 2837
437 2838
438 2839
439 2840
440 2841
443 2842
444 2843
445 2844
446 2845
447 2846
448 2847
2848 2848
2849 2849
449 2850
450 2851
451 2852
452 2853
2854 2854
2855 2855
453 2856
2857 2857
2858 2858
2859 2859
2860 2860
2861 2861
454 2862
455 2863
456 2864
2865 2865
2866 2866
457 2867
2868 2868
458 2869
459 2870
460 2871
461 2872
2873 2873
462 2874
463 2875
464 2876
465 2877
466 2878
2879 2879
2880 2880
2881 2881
2882 2882
2883 2883
467 2884
468 2885
2886 2886
470 2887
471 2888
2889 2889
2890 2890
2891 2891
472 2892
2893 2893
473 2894
476 2895
2896 2896
477 2897
478 2898
479 2899
480 2900
484 2901
485 2902
2903 2903
2904 2904
486 2905
2906 2906
487 2907
488 2908
2909 2909
2910 2910
2911 2911
2912 2912
489 2913
490 2914
2915 2915
2916 2916
491 2917
2918 2918
2919 2919
2920 2920
2921 2921
2922 2922
2923 2923
492 2924
493 2925
494 2926
2927 2927
2928 2928
495 2929
496 2930
2931 2931
2932 2932
497 2933
499 2934
2935 2935
502 2936
2937 2937
503 2938
2939 2939
504 2940
505 2941
2942 2942
506 2943
2944 2944
508 2945
2946 2946
2947 2947
509 2948
2949 2949
2950 2950
511 2951
2952 2952
2953 2953
2954 2954
2955 2955
512 2956
515 2957
517 2958
525 2959
529 2960
531 2961
533 2962
534 2963
2964 2964
535 2965
536 2966
539 2967
543 2968
2969 2969
544 2970
2971 2971
545 2972
546 2973
547 2974
548 2975
554 2976
555 2977
556 2978
557 2979
2980 2980
2981 2981
2982 2982
558 2983
560 2984
562 2985
564 2986
568 2987
570 2988
572 2989
573 2990
576 2991
577 2992
578 2993
2994 2994
581 2995
583 2996
584 2997
587 2998
2999 2999
590 3000
594 3001
3002 3002
596 3003
601 3004
604 3005
605 3006
606 3007
607 3008
609 3009
3010 3010
3011 3011
3012 3012
3013 3013
610 3014
3015 3015
611 3016
612 3017
613 3018
3019 3019
614 3020
3021 3021
615 3022
3023 3023
625 3024
626 3025
627 3026
629 3027
3028 3028
630 3029
631 3030
632 3031
633 3032
3033 3033
3034 3034
635 3035
3036 3036
636 3037
637 3038
638 3039
3040 3040
640 3041
641 3042
643 3043
644 3044
647 3045
3046 3046
3047 3047
3048 3048
648 3049
649 3050
651 3051
3052 3052
652 3053
654 3054
661 3055
3056 3056
3057 3057
663 3058
672 3059
673 3060
674 3061
675 3062
680 3063
681 3064
685 3065
686 3066
689 3067
691 3068
3069 3069
696 3070
697 3071
3072 3072
706 3073
3074 3074
3075 3075
712 3076
3077 3077
713 3078
3079 3079
3080 3080
716 3081
717 3082
718 3083
722 3084
3085 3085
723 3086
725 3087
3088 3088
3089 3089
727 3090
728 3091
729 3092
731 3093
732 3094
734 3095
736 3096
738 3097
739 3098
743 3099
3100 3100
744 3101
749 3102
750 3103
3104 3104
752 3105
754 3106
755 3107
3108 3108
762 3109
763 3110
765 3111
766 3112
3113 3113
3114 3114
3115 3115
769 3116
770 3117
771 3118
772 3119
774 3120
3121 3121
775 3122
3123 3123
3124 3124
776 3125
778 3126
780 3127
781 3128
782 3129
783 3130
784 3131
785 3132
786 3133
787 3134
789 3135
790 3136
791 3137
793 3138
794 3139
3140 3140
3141 3141
3142 3142
3143 3143
796 3144
797 3145
801 3146
802 3147
804 3148
807 3149
3150 3150
809 3151
811 3152
812 3153
3154 3154
813 3155
814 3156
3157 3157
816 3158
817 3159
818 3160
3161 3161
3162 3162
819 3163
820 3164
825 3165
3166 3166
826 3167
828 3168
829 3169
834 3170
836 3171
837 3172
3173 3173
839 3174
840 3175
841 3176
3177 3177
3178 3178
3179 3179
848 3180
849 3181
3182 3182
851 3183
856 3184
857 3185
864 3186
869 3187
3188 3188
872 3189
3190 3190
3191 3191
873 3192
875 3193
3194 3194
3195 3195
3196 3196
881 3197
3198 3198
883 3199
884 3200
886 3201
887 3202
888 3203
889 3204
892 3205
3206 3206
896 3207
897 3208
3209 3209
898 3210
900 3211
905 3212
3213 3213
3214 3214
907 3215
908 3216
911 3217
923 3218
924 3219
925 3220
928 3221
3222 3222
930 3223
3224 3224
931 3225
934 3226
937 3227
938 3228
943 3229
947 3230
3231 3231
3232 3232
952 3233
956 3234
957 3235
3236 3236
959 3237
3238 3238
3239 3239
961 3240
963 3241
3242 3242
3243 3243
3244 3244
972 3245
973 3246
3247 3247
3248 3248
3249 3249
974 3250
975 3251
3252 3252
986 3253
3254 3254
991 3255
1001 3256
1008 3257
3258 3258
3259 3259
1013 3260
1014 3261
1015 3262
3263 3263
1016 3264
3265 3265
1017 3266
3267 3267
1018 3268
1019 3269
3270 3270
1020 3271
1023 3272
3273 3273
3274 3274
1024 3275
3276 3276
1025 3277
1031 3278
1035 3279
3280 3280
3281 3281
1036 3282
1037 3283
1038 3284
1039 3285
3286 3286
1049 3287
1055 3288
1064 3289
1065 3290
1068 3291
1069 3292
1073 3293
3294 3294
3295 3295
1085 3296
1087 3297
1097 3298
3299 3299
3300 3300
1110 3301
3302 3302
3303 3303
3304 3304
1111 3305
1116 3306
1117 3307
1118 3308
1120 3309
3310 3310
3311 3311
3312 3312
1121 3313
1122 3314
1124 3315
1125 3316
1126 3317
1127 3318
1130 3319
3320 3320
1131 3321
3322 3322
1132 3323
3324 3324
1133 3325
1134 3326
1135 3327
3328 3328
3329 3329
3330 3330
3331 3331
1137 3332
3333 3333
3334 3334
1139 3335
1141 3336
1142 3337
1143 3338
1144 3339
1145 3340
3341 3341
3342 3342
3343 3343
1147 3344
3345 3345
3346 3346
1148 3347
1149 3348
3349 3349
1151 3350
1153 3351
1154 3352
1156 3353
1157 3354
1158 3355
1159 3356
1160 3357
1164 3358
1165 3359
1166 3360
1167 3361
1170 3362
1172 3363
1174 3364
1176 3365
1177 3366
1178 3367
1179 3368
3369 3369
3370 3370
3371 3371
1180 3372
1181 3373
1183 3374
1184 3375
1185 3376
1186 3377
3378 3378
1187 3379
1188 3380
1189 3381
3382 3382
1190 3383
1191 3384
1192 3385
1193 3386
1194 3387
1196 3388
3389 3389
1198 3390
1199 3391
3392 3392
1200 3393
3394 3394
3395 3395
3396 3396
1202 3397
1204 3398
1205 3399
3400 3400
3401 3401
1208 3402
1213 3403
3404 3404
1214 3405
3406 3406
3407 3407
1216 3408
3409 3409
1217 3410
1222 3411
3412 3412
1224 3413
3414 3414
1225 3415
3416 3416
1226 3417
1227 3418
1228 3419
1229 3420
1231 3421
3422 3422
3423 3423
3424 3424
1234 3425
1235 3426
1236 3427
3428 3428
3429 3429
3430 3430
3431 3431
3432 3432
3433 3433
1237 3434
1241 3435
1242 3436
3437 3437
1244 3438
3439 3439
1245 3440
1248 3441
1249 3442
1250 3443
3444 3444
1252 3445
3446 3446
3447 3447
1253 3448
1254 3449
3450 3450
3451 3451
1255 3452
1259 3453
3454 3454
3455 3455
3456 3456
3457 3457
3458 3458
1260 3459
1262 3460
1263 3461
3462 3462
3463 3463
3464 3464
3465 3465
1264 3466
1269 3467
3468 3468
3469 3469
1270 3470
1272 3471
1273 3472
3473 3473
3474 3474
3475 3475
3476 3476
1274 3477
1275 3478
3479 3479
1276 3480
1277 3481
1278 3482
3483 3483
1279 3484
3485 3485
1280 3486
1281 3487
3488 3488
1282 3489
3490 3490
1283 3491
1284 3492
1285 3493
1287 3494
3495 3495
1288 3496
1289 3497
1292 3498
1293 3499
1296 3500
1297 3501
1298 3502
1299 3503
3504 3504
1301 3505
3506 3506
1303 3507
3508 3508
3509 3509
3510 3510
3511 3511
3512 3512
1305 3513
1306 3514
1307 3515
1309 3516
1310 3517
1311 3518
1313 3519
3520 3520
1314 3521
1316 3522
1317 3523
1320 3524
1321 3525
3526 3526
1322 3527
1323 3528
1324 3529
3530 3530
3531 3531
1325 3532
1326 3533
1333 3534
1335 3535
3536 3536
1336 3537
1337 3538
3539 3539
3540 3540
3541 3541
3542 3542
1341 3543
3544 3544
3545 3545
3546 3546
1342 3547
3548 3548
3549 3549
1343 3550
1344 3551
3552 3552
3553 3553
1346 3554
3555 3555
3556 3556
1347 3557
3558 3558
3559 3559
3560 3560
3561 3561
3562 3562
3563 3563
3564 3564
3565 3565
3566 3566
3567 3567
3568 3568
3569 3569
3570 3570
3571 3571
3572 3572
3573 3573
3574 3574
3575 3575
3576 3576
3577 3577
3578 3578
3579 3579
3580 3580
1349 3581
3582 3582
1350 3583
3584 3584
1351 3585
3586 3586
3587 3587
1354 3588
3589 3589
3590 3590
3591 3591
3592 3592
3593 3593
1355 3594
3595 3595
1356 3596
1357 3597
1358 3598
3599 3599
3600 3600
3601 3601
3602 3602
3603 3603
3604 3604
1359 3605
3606 3606
3607 3607
3608 3608
3609 3609
3610 3610
1360 3611
3612 3612
1361 3613
1362 3614
3615 3615
3616 3616
1363 3617
1364 3618
3619 3619
3620 3620
3621 3621
3622 3622
3623 3623
3624 3624
3625 3625
3626 3626
1365 3627
3628 3628
1366 3629
1367 3630
1368 3631
1369 3632
1370 3633
1371 3634
3635 3635
3636 3636
3637 3637
3638 3638
1372 3639
3640 3640
1373 3641
3642 3642
1374 3643
1375 3644
1376 3645
1377 3646
3647 3647
1378 3648
1379 3649
1380 3650
3651 3651
1381 3652
1382 3653
3654 3654
1383 3655
1384 3656
1386 3657
3658 3658
3659 3659
3660 3660
1388 3661
3662 3662
3663 3663
3664 3664
3665 3665
3666 3666
3667 3667
3668 3668
3669 3669
3670 3670
3671 3671
3672 3672
3673 3673
3674 3674
3675 3675
3676 3676
3677 3677
3678 3678
3679 3679
3680 3680
3681 3681
3682 3682
3683 3683
3684 3684
3685 3685
3686 3686
3687 3687
3688 3688
3689 3689
1389 3690
3691 3691
3692 3692
3693 3693
3694 3694
3695 3695
1390 3696
1391 3697
3698 3698
3699 3699
3700 3700
3701 3701
3702 3702
3703 3703
3704 3704
3705 3705
1392 3706
3707 3707
3708 3708
3709 3709
1393 3710
1394 3711
3712 3712
1395 3713
3714 3714
3715 3715
3716 3716
1396 3717
3718 3718
3719 3719
3720 3720
3721 3721
3722 3722
3723 3723
1397 3724
3725 3725
3726 3726
3727 3727
3728 3728
3729 3729
3730 3730
3731 3731
3732 3732
3733 3733
1398 3734
3735 3735
3736 3736
3737 3737
3738 3738
3739 3739
3740 3740
3741 3741
3742 3742
3743 3743
3744 3744
3745 3745
3746 3746
3747 3747
3748 3748
3749 3749
3750 3750
3751 3751
3752 3752
1399 3753
1400 3754
3755 3755
3756 3756
3757 3757
3758 3758
3759 3759
3760 3760
3761 3761
1401 3762
3763 3763
3764 3764
3765 3765
3766 3766
3767 3767
3768 3768
3769 3769
3770 3770
3771 3771
3772 3772
3773 3773
3774 3774
3775 3775
3776 3776
3777 3777
3778 3778
1402 3779
3780 3780
1403 3781
1404 3782
3783 3783
3784 3784
3785 3785
3786 3786
3787 3787
3788 3788
3789 3789
3790 3790
3791 3791
3792 3792
3793 3793
3794 3794
3795 3795
1405 3796
3797 3797
3798 3798
3799 3799
3800 3800
3801 3801
3802 3802
3803 3803
3804 3804
3805 3805
3806 3806
3807 3807
1407 3808
3809 3809
3810 3810
3811 3811
3812 3812
1408 3813
1409 3814
1410 3815
3816 3816
3817 3817
3818 3818
3819 3819
3820 3820
3821 3821
3822 3822
3823 3823
3824 3824
3825 3825
3826 3826
3827 3827
3828 3828
3829 3829
3830 3830
3831 3831
3832 3832
3833 3833
1411 3834
3835 3835
3836 3836
1412 3837
3838 3838
3839 3839
1413 3840
1414 3841
3842 3842
1415 3843
3844 3844
1416 3845
1417 3846
3847 3847
3848 3848
3849 3849
3850 3850
3851 3851
1418 3852
3853 3853
1420 3854
3855 3855
3856 3856
3857 3857
3858 3858
1421 3859
3860 3860
3861 3861
3862 3862
3863 3863
3864 3864
1422 3865
3866 3866
1423 3867
3868 3868
3869 3869
3870 3870
3871 3871
1424 3872
3873 3873
3874 3874
3875 3875
3876 3876
3877 3877
3878 3878
3879 3879
3880 3880
3881 3881
3882 3882
3883 3883
3884 3884
3885 3885
3886 3886
3887 3887
3888 3888
3889 3889
3890 3890
3891 3891
3892 3892
3893 3893
3894 3894
3895 3895
3896 3896
3897 3897
3898 3898
3899 3899
3900 3900
3901 3901
3902 3902
3903 3903
3904 3904
3905 3905
3906 3906
3907 3907
3908 3908
3909 3909
3910 3910
3911 3911
3912 3912
3913 3913
3914 3914
3915 3915
3916 3916
3917 3917
3918 3918
3919 3919
3920 3920
3921 3921
3922 3922
3923 3923
3924 3924
3925 3925
3926 3926
3927 3927
3928 3928
3929 3929
3930 3930
3931 3931
3932 3932
3933 3933
3934 3934
3935 3935
3936 3936
3937 3937
3938 3938
3939 3939
3940 3940
3941 3941
3942 3942
3943 3943
3944 3944
3945 3945
3946 3946
3947 3947
3948 3948
3949 3949
3950 3950
3951 3951
3952 3952
3953 3953
3954 3954
3955 3955
3956 3956
3957 3957
3958 3958
3959 3959
3960 3960
3961 3961
3962 3962
3963 3963
3964 3964
3965 3965
3966 3966
3967 3967
3968 3968
3969 3969
1425 3970
3971 3971
3972 3972
3973 3973
3974 3974
3975 3975
3976 3976
3977 3977
3978 3978
3979 3979
3980 3980
3981 3981
3982 3982
3983 3983
3984 3984
3985 3985
3986 3986
3987 3987
3988 3988
3989 3989
3990 3990
3991 3991
3992 3992
3993 3993
3994 3994
3995 3995
3996 3996
3997 3997
3998 3998
3999 3999
4000 4000
4001 4001
4002 4002
4003 4003
4004 4004
4005 4005
4006 4006
4007 4007
4008 4008
4009 4009
4010 4010
4011 4011
4012 4012
4013 4013
4014 4014
4015 4015
4016 4016
4017 4017
4018 4018
4019 4019
4020 4020
4021 4021
4022 4022
4023 4023
4024 4024
4025 4025
4026 4026
4027 4027
4028 4028
4029 4029
4030 4030
4031 4031
4032 4032
4033 4033
4034 4034
4035 4035
4036 4036
4037 4037
4038 4038
4039 4039
4040 4040
4041 4041
4042 4042
4043 4043
4044 4044
4045 4045
4046 4046
4047 4047
4048 4048
4049 4049
4050 4050
4051 4051
4052 4052
4053 4053
4054 4054
4055 4055
4056 4056
4057 4057
4058 4058
4059 4059
4060 4060
4061 4061
4062 4062
4063 4063
4064 4064
4065 4065
4066 4066
4067 4067
4068 4068
4069 4069
4070 4070
4071 4071
4072 4072
4073 4073
4074 4074
4075 4075
4076 4076
4077 4077
4078 4078
4079 4079
4080 4080
4081 4081
4082 4082
4083 4083
4084 4084
4085 4085
4086 4086
4087 4087
4088 4088
4089 4089
4090 4090
4091 4091
4092 4092
4093 4093
4094 4094
4095 4095
4096 4096
4097 4097
4098 4098
4099 4099
4100 4100
4101 4101
4102 4102
4103 4103
4104 4104
4105 4105
4106 4106
4107 4107
4108 4108
4109 4109
4110 4110
4111 4111
4112 4112
4113 4113
4114 4114
4115 4115
4116 4116
4117 4117
4118 4118
4119 4119
4120 4120
4121 4121
4122 4122
4123 4123
4124 4124
4125 4125
4126 4126
4127 4127
4128 4128
4129 4129
4130 4130
4131 4131
4132 4132
4133 4133
4134 4134
4135 4135
4136 4136
4137 4137
4138 4138
4139 4139
4140 4140
4141 4141
4142 4142
4143 4143
4144 4144
4145 4145
4146 4146
4147 4147
4148 4148
4149 4149
4150 4150
4151 4151
4152 4152
4153 4153
4154 4154
4155 4155
4156 4156
4157 4157
4158 4158
4159 4159
4160 4160
4161 4161
4162 4162
4163 4163
4164 4164
4165 4165
4166 4166
4167 4167
4168 4168
4169 4169
4170 4170
4171 4171
4172 4172
4173 4173
4174 4174
4175 4175
4176 4176
4177 4177
4178 4178
4179 4179
4180 4180
4181 4181
4182 4182
4183 4183
4184 4184
4185 4185
4186 4186
4187 4187
4188 4188
4189 4189
4190 4190
4191 4191
4192 4192
4193 4193
4194 4194
4195 4195
4196 4196
4197 4197
4198 4198
4199 4199
4200 4200
4201 4201
4202 4202
4203 4203
4204 4204
4205 4205
4206 4206
4207 4207
4208 4208
4209 4209
4210 4210
4211 4211
4212 4212
4213 4213
4214 4214
4215 4215
4216 4216
4217 4217
4218 4218
4219 4219
4220 4220
4221 4221
4222 4222
4223 4223
4224 4224
4225 4225
4226 4226
4227 4227
4228 4228
4229 4229
4230 4230
4231 4231
4232 4232
4233 4233
4234 4234
4235 4235
4236 4236
4237 4237
4238 4238
4239 4239
4240 4240
4241 4241
4242 4242
4243 4243
4244 4244
4245 4245
4246 4246
4247 4247
4248 4248
4249 4249
4250 4250
4251 4251
4252 4252
4253 4253
4254 4254
4255 4255
4256 4256
4257 4257
4258 4258
4259 4259
4260 4260
4261 4261
4262 4262
4263 4263
4264 4264
4265 4265
4266 4266
4267 4267
4268 4268
4269 4269
4270 4270
4271 4271
4272 4272
4273 4273
4274 4274
4275 4275
4276 4276
4277 4277
4278 4278
4279 4279
4280 4280
4281 4281
4282 4282
4283 4283
4284 4284
4285 4285
4286 4286
4287 4287
4288 4288
4289 4289
4290 4290
1426 4291
4292 4292
1427 4293
1428 4294
4295 4295
4296 4296
4297 4297
4298 4298
4299 4299
4300 4300
4301 4301
4302 4302
4303 4303
4304 4304
4305 4305
4306 4306
4307 4307
4308 4308
4309 4309
4310 4310
4311 4311
4312 4312
4313 4313
4314 4314
4315 4315
4316 4316
4317 4317
4318 4318
4319 4319
4320 4320
4321 4321
4322 4322
4323 4323
4324 4324
4325 4325
4326 4326
4327 4327
4328 4328
4329 4329
4330 4330
4331 4331
4332 4332
4333 4333
4334 4334
4335 4335
4336 4336
4337 4337
4338 4338
4339 4339
4340 4340
4341 4341
4342 4342
4343 4343
4344 4344
4345 4345
4346 4346
4347 4347
4348 4348
4349 4349
4350 4350
4351 4351
4352 4352
4353 4353
4354 4354
4355 4355
4356 4356
4357 4357
4358 4358
4359 4359
4360 4360
4361 4361
4362 4362
4363 4363
4364 4364
4365 4365
4366 4366
4367 4367
4368 4368
4369 4369
4370 4370
4371 4371
4372 4372
4373 4373
4374 4374
4375 4375
4376 4376
4377 4377
4378 4378
4379 4379
4380 4380
4381 4381
4382 4382
4383 4383
4384 4384
4385 4385
4386 4386
4387 4387
4388 4388
4389 4389
4390 4390
4391 4391
4392 4392
4393 4393
4394 4394
4395 4395
4396 4396
4397 4397
4398 4398
4399 4399
4400 4400
4401 4401
4402 4402
4403 4403
4404 4404
4405 4405
4406 4406
4407 4407
4408 4408
4409 4409
4410 4410
4411 4411
4412 4412
4413 4413
4414 4414
4415 4415
4416 4416
4417 4417
4418 4418
4419 4419
4420 4420
4421 4421
4422 4422
4423 4423
4424 4424
4425 4425
4426 4426
4427 4427
4428 4428
4429 4429
4430 4430
4431 4431
4432 4432
4433 4433
4434 4434
4435 4435
4436 4436
4437 4437
4438 4438
4439 4439
4440 4440
4441 4441
4442 4442
4443 4443
4444 4444
4445 4445
4446 4446
4447 4447
4448 4448
4449 4449
4450 4450
4451 4451
4452 4452
4453 4453
4454 4454
4455 4455
4456 4456
4457 4457
4458 4458
4459 4459
4460 4460
4461 4461
4462 4462
4463 4463
4464 4464
4465 4465
4466 4466
4467 4467
4468 4468
4469 4469
4470 4470
4471 4471
4472 4472
4473 4473
4474 4474
4475 4475
4476 4476
4477 4477
4478 4478
4479 4479
4480 4480
4481 4481
4482 4482
4483 4483
4484 4484
4485 4485
4486 4486
4487 4487
4488 4488
4489 4489
4490 4490
4491 4491
4492 4492
4493 4493
4494 4494
4495 4495
4496 4496
4497 4497
4498 4498
4499 4499
4500 4500
4501 4501
4502 4502
4503 4503
4504 4504
4505 4505
4506 4506
4507 4507
4508 4508
4509 4509
4510 4510
4511 4511
4512 4512
4513 4513
4514 4514
4515 4515
4516 4516
4517 4517
4518 4518
4519 4519
4520 4520
4521 4521
4522 4522
4523 4523
4524 4524
4525 4525
4526 4526
4527 4527
4528 4528
4529 4529
4530 4530
4531 4531
4532 4532
4533 4533
4534 4534
4535 4535
4536 4536
4537 4537
4538 4538
4539 4539
4540 4540
4541 4541
4542 4542
4543 4543
4544 4544
4545 4545
4546 4546
4547 4547
4548 4548
4549 4549
4550 4550
4551 4551
4552 4552
4553 4553
4554 4554
4555 4555
4556 4556
4557 4557
4558 4558
4559 4559
4560 4560
4561 4561
4562 4562
4563 4563
4564 4564
4565 4565
4566 4566
4567 4567
4568 4568
4569 4569
4570 4570
4571 4571
4572 4572
4573 4573
4574 4574
4575 4575
4576 4576
4577 4577
4578 4578
4579 4579
4580 4580
4581 4581
4582 4582
4583 4583
4584 4584
4585 4585
4586 4586
4587 4587
4588 4588
4589 4589
4590 4590
4591 4591
4592 4592
4593 4593
4594 4594
4595 4595
4596 4596
4597 4597
4598 4598
4599 4599
4600 4600
4601 4601
4602 4602
4603 4603
4604 4604
4605 4605
4606 4606
4607 4607
4608 4608
4609 4609
4610 4610
4611 4611
4612 4612
4613 4613
4614 4614
4615 4615
4616 4616
4617 4617
4618 4618
4619 4619
4620 4620
4621 4621
4622 4622
4623 4623
4624 4624
4625 4625
4626 4626
4627 4627
4628 4628
4629 4629
4630 4630
4631 4631
4632 4632
4633 4633
4634 4634
4635 4635
4636 4636
4637 4637
4638 4638
4639 4639
4640 4640
4641 4641
4642 4642
4643 4643
4644 4644
4645 4645
4646 4646
4647 4647
4648 4648
4649 4649
4650 4650
4651 4651
4652 4652
4653 4653
4654 4654
4655 4655
4656 4656
4657 4657
4658 4658
4659 4659
4660 4660
4661 4661
4662 4662
4663 4663
4664 4664
4665 4665
4666 4666
4667 4667
4668 4668
4669 4669
4670 4670
4671 4671
4672 4672
4673 4673
4674 4674
4675 4675
4676 4676
4677 4677
4678 4678
4679 4679
4680 4680
4681 4681
4682 4682
4683 4683
4684 4684
4685 4685
4686 4686
4687 4687
4688 4688
4689 4689
4690 4690
4691 4691
4692 4692
4693 4693
4694 4694
4695 4695
4696 4696
4697 4697
4698 4698
4699 4699
4700 4700
4701 4701
4702 4702
4703 4703
4704 4704
4705 4705
4706 4706
4707 4707
4708 4708
4709 4709
4710 4710
4711 4711
4712 4712
4713 4713
4714 4714
4715 4715
4716 4716
4717 4717
4718 4718
4719 4719
4720 4720
4721 4721
4722 4722
4723 4723
4724 4724
4725 4725
4726 4726
4727 4727
4728 4728
4729 4729
4730 4730
4731 4731
4732 4732
4733 4733
4734 4734
4735 4735
4736 4736
4737 4737
4738 4738
4739 4739
4740 4740
4741 4741
4742 4742
4743 4743
4744 4744
4745 4745
4746 4746
4747 4747
4748 4748
4749 4749
4750 4750
4751 4751
4752 4752
4753 4753
4754 4754
4755 4755
4756 4756
4757 4757
4758 4758
4759 4759
4760 4760
4761 4761
4762 4762
4763 4763
4764 4764
4765 4765
4766 4766
4767 4767
4768 4768
4769 4769
4770 4770
4771 4771
4772 4772
4773 4773
4774 4774
4775 4775
4776 4776
4777 4777
4778 4778
4779 4779
4780 4780
4781 4781
4782 4782
4783 4783
4784 4784
4785 4785
4786 4786
4787 4787
4788 4788
4789 4789
4790 4790
4791 4791
4792 4792
4793 4793
4794 4794
4795 4795
4796 4796
4797 4797
4798 4798
4799 4799
4800 4800
4801 4801
4802 4802
4803 4803
4804 4804
4805 4805
4806 4806
4807 4807
4808 4808
4809 4809
4810 4810
4811 4811
4812 4812
4813 4813
4814 4814
4815 4815
4816 4816
4817 4817
4818 4818
4819 4819
4820 4820
4821 4821
4822 4822
4823 4823
4824 4824
4825 4825
4826 4826
4827 4827
4828 4828
4829 4829
4830 4830
4831 4831
4832 4832
4833 4833
4834 4834
4835 4835
4836 4836
4837 4837
4838 4838
4839 4839
4840 4840
4841 4841
4842 4842
4843 4843
4844 4844
4845 4845
4846 4846
4847 4847
4848 4848
4849 4849
4850 4850
4851 4851
4852 4852
4853 4853
4854 4854
4855 4855
4856 4856
4857 4857
4858 4858
4859 4859
4860 4860
4861 4861
4862 4862
4863 4863
4864 4864
4865 4865
4866 4866
4867 4867
4868 4868
4869 4869
4870 4870
4871 4871
4872 4872
4873 4873
4874 4874
4875 4875
4876 4876
4877 4877
4878 4878
4879 4879
4880 4880
4881 4881
4882 4882
4883 4883
4884 4884
4885 4885
4886 4886
4887 4887
4888 4888
4889 4889
4890 4890
4891 4891
4892 4892
4893 4893
4894 4894
4895 4895
4896 4896
4897 4897
4898 4898
4899 4899
4900 4900
4901 4901
4902 4902
4903 4903
4904 4904
4905 4905
4906 4906
4907 4907
4908 4908
4909 4909
4910 4910
4911 4911
4912 4912
4913 4913
4914 4914
4915 4915
4916 4916
4917 4917
4918 4918
4919 4919
4920 4920
4921 4921
4922 4922
4923 4923
4924 4924
4925 4925
4926 4926
4927 4927
4928 4928
4929 4929
4930 4930
4931 4931
4932 4932
4933 4933
4934 4934
4935 4935
4936 4936
4937 4937
4938 4938
4939 4939
4940 4940
4941 4941
4942 4942
4943 4943
4944 4944
4945 4945
4946 4946
4947 4947
4948 4948
4949 4949
4950 4950
4951 4951
4952 4952
4953 4953
4954 4954
4955 4955
4956 4956
4957 4957
4958 4958
4959 4959
4960 4960
4961 4961
4962 4962
4963 4963
4964 4964
4965 4965
4966 4966
4967 4967
4968 4968
4969 4969
4970 4970
4971 4971
4972 4972
4973 4973
4974 4974
4975 4975
4976 4976
4977 4977
4978 4978
4979 4979
4980 4980
4981 4981
4982 4982
4983 4983
4984 4984
4985 4985
4986 4986
4987 4987
4988 4988
4989 4989
4990 4990
4991 4991
4992 4992
4993 4993
4994 4994
4995 4995
4996 4996
4997 4997
4998 4998
4999 4999
5000 5000
5001 5001
5002 5002
5003 5003
5004 5004
5005 5005
5006 5006
5007 5007
5008 5008
5009 5009
5010 5010
5011 5011
5012 5012
5013 5013
5014 5014
5015 5015
5016 5016
5017 5017
5018 5018
5019 5019
5020 5020
5021 5021
5022 5022
5023 5023
5024 5024
5025 5025
5026 5026
5027 5027
5028 5028
5029 5029
5030 5030
5031 5031
5032 5032
5033 5033
5034 5034
5035 5035
5036 5036
5037 5037
5038 5038
5039 5039
5040 5040
5041 5041
5042 5042
5043 5043
5044 5044
5045 5045
5046 5046
5047 5047
5048 5048
5049 5049
5050 5050
5051 5051
5052 5052
5053 5053
5054 5054
5055 5055
5056 5056
5057 5057
5058 5058
5059 5059
5060 5060
5061 5061
5062 5062
5063 5063
5064 5064
5065 5065
5066 5066
5067 5067
5068 5068
5069 5069
5070 5070
5071 5071
5072 5072
5073 5073
5074 5074
5075 5075
5076 5076
5077 5077
5078 5078
5079 5079
5080 5080
5081 5081
5082 5082
5083 5083
5084 5084
5085 5085
5086 5086
5087 5087
5088 5088
5089 5089
5090 5090
5091 5091
5092 5092
5093 5093
5094 5094
5095 5095
5096 5096
5097 5097
5098 5098
5099 5099
5100 5100
5101 5101
5102 5102
5103 5103
5104 5104
5105 5105
5106 5106
5107 5107
5108 5108
5109 5109
5110 5110
5111 5111
5112 5112
5113 5113
5114 5114
5115 5115
5116 5116
5117 5117
5118 5118
5119 5119
5120 5120
5121 5121
5122 5122
5123 5123
5124 5124
5125 5125
5126 5126
5127 5127
5128 5128
5129 5129
5130 5130
5131 5131
5132 5132
5133 5133
5134 5134
5135 5135
5136 5136
5137 5137
5138 5138
5139 5139
5140 5140
5141 5141
5142 5142
5143 5143
5144 5144
5145 5145
5146 5146
5147 5147
5148 5148
5149 5149
5150 5150
5151 5151
5152 5152
5153 5153
5154 5154
5155 5155
5156 5156
5157 5157
5158 5158
5159 5159
5160 5160
5161 5161
5162 5162
5163 5163
5164 5164
5165 5165
5166 5166
5167 5167
5168 5168
5169 5169
5170 5170
5171 5171
5172 5172
5173 5173
5174 5174
5175 5175
5176 5176
5177 5177
5178 5178
5179 5179
5180 5180
5181 5181
5182 5182
5183 5183
5184 5184
5185 5185
5186 5186
5187 5187
5188 5188
5189 5189
5190 5190
5191 5191
5192 5192
5193 5193
5194 5194
5195 5195
5196 5196
5197 5197
5198 5198
5199 5199
5200 5200
5201 5201
5202 5202
5203 5203
5204 5204
5205 5205
5206 5206
5207 5207
5208 5208
5209 5209
5210 5210
5211 5211
5212 5212
5213 5213
5214 5214
5215 5215
5216 5216
5217 5217
5218 5218
5219 5219
5220 5220
5221 5221
5222 5222
5223 5223
5224 5224
5225 5225
5226 5226
5227 5227
5228 5228
5229 5229
5230 5230
5231 5231
5232 5232
5233 5233
5234 5234
5235 5235
5236 5236
5237 5237
5238 5238
5239 5239
5240 5240
5241 5241
5242 5242
5243 5243
5244 5244
5245 5245
5246 5246
5247 5247
5248 5248
5249 5249
5250 5250
5251 5251
5252 5252
5253 5253
5254 5254
5255 5255
5256 5256
5257 5257
5258 5258
5259 5259
5260 5260
5261 5261
5262 5262
5263 5263
5264 5264
5265 5265
5266 5266
5267 5267
5268 5268
5269 5269
5270 5270
5271 5271
5272 5272
5273 5273
5274 5274
5275 5275
5276 5276
5277 5277
5278 5278
5279 5279
5280 5280
5281 5281
5282 5282
5283 5283
5284 5284
5285 5285
5286 5286
5287 5287
5288 5288
5289 5289
5290 5290
5291 5291
5292 5292
5293 5293
5294 5294
5295 5295
5296 5296
5297 5297
5298 5298
5299 5299
5300 5300
5301 5301
5302 5302
5303 5303
5304 5304
5305 5305
5306 5306
5307 5307
5308 5308
5309 5309
5310 5310
5311 5311
5312 5312
5313 5313
5314 5314
5315 5315
5316 5316
5317 5317
5318 5318
5319 5319
5320 5320
5321 5321
5322 5322
5323 5323
5324 5324
5325 5325
5326 5326
5327 5327
5328 5328
5329 5329
5330 5330
5331 5331
5332 5332
5333 5333
5334 5334
5335 5335
5336 5336
5337 5337
5338 5338
5339 5339
5340 5340
5341 5341
5342 5342
5343 5343
5344 5344
5345 5345
5346 5346
5347 5347
5348 5348
5349 5349
5350 5350
5351 5351
5352 5352
5353 5353
5354 5354
5355 5355
5356 5356
5357 5357
5358 5358
5359 5359
5360 5360
5361 5361
5362 5362
5363 5363
5364 5364
5365 5365
5366 5366
5367 5367
5368 5368
5369 5369
5370 5370
5371 5371
5372 5372
5373 5373
5374 5374
5375 5375
5376 5376
5377 5377
5378 5378
5379 5379
5380 5380
5381 5381
5382 5382
5383 5383
5384 5384
5385 5385
5386 5386
5387 5387
5388 5388
5389 5389
5390 5390
5391 5391
5392 5392
5393 5393
5394 5394
5395 5395
5396 5396
5397 5397
5398 5398
5399 5399
5400 5400
5401 5401
5402 5402
5403 5403
5404 5404
5405 5405
5406 5406
5407 5407
5408 5408
5409 5409
5410 5410
5411 5411
5412 5412
5413 5413
5414 5414
5415 5415
5416 5416
5417 5417
5418 5418
5419 5419
5420 5420
5421 5421
5422 5422
5423 5423
5424 5424
5425 5425
5426 5426
5427 5427
5428 5428
5429 5429
5430 5430
1431 5431
5432 5432
5433 5433
5434 5434
5435 5435
5436 5436
5437 5437
5438 5438
5439 5439
5440 5440
5441 5441
5442 5442
5443 5443
5444 5444
5445 5445
5446 5446
5447 5447
5448 5448
5449 5449
5450 5450
5451 5451
5452 5452
5453 5453
5454 5454
5455 5455
5456 5456
5457 5457
5458 5458
5459 5459
5460 5460
5461 5461
5462 5462
5463 5463
5464 5464
5465 5465
5466 5466
5467 5467
5468 5468
5469 5469
5470 5470
5471 5471
5472 5472
5473 5473
5474 5474
5475 5475
5476 5476
5477 5477
5478 5478
5479 5479
5480 5480
5481 5481
5482 5482
5483 5483
5484 5484
5485 5485
5486 5486
5487 5487
5488 5488
5489 5489
5490 5490
5491 5491
5492 5492
5493 5493
5494 5494
5495 5495
5496 5496
5497 5497
5498 5498
5499 5499
5500 5500
5501 5501
5502 5502
5503 5503
5504 5504
5505 5505
5506 5506
5507 5507
5508 5508
5509 5509
5510 5510
5511 5511
5512 5512
5513 5513
5514 5514
5515 5515
5516 5516
5517 5517
5518 5518
5519 5519
5520 5520
5521 5521
5522 5522
5523 5523
5524 5524
5525 5525
5526 5526
5527 5527
5528 5528
5529 5529
5530 5530
5531 5531
5532 5532
5533 5533
5534 5534
5535 5535
5536 5536
5537 5537
5538 5538
5539 5539
5540 5540
5541 5541
5542 5542
5543 5543
5544 5544
5545 5545
5546 5546
5547 5547
5548 5548
5549 5549
5550 5550
5551 5551
5552 5552
5553 5553
5554 5554
5555 5555
5556 5556
5557 5557
5558 5558
5559 5559
5560 5560
5561 5561
5562 5562
5563 5563
5564 5564
5565 5565
5566 5566
5567 5567
5568 5568
5569 5569
5570 5570
5571 5571
5572 5572
5573 5573
5574 5574
5575 5575
5576 5576
5577 5577
5578 5578
5579 5579
5580 5580
5581 5581
5582 5582
5583 5583
5584 5584
5585 5585
5586 5586
5587 5587
5588 5588
5589 5589
5590 5590
5591 5591
5592 5592
5593 5593
5594 5594
5595 5595
5596 5596
5597 5597
5598 5598
5599 5599
5600 5600
5601 5601
5602 5602
5603 5603
5604 5604
5605 5605
5606 5606
5607 5607
5608 5608
5609 5609
5610 5610
5611 5611
5612 5612
5613 5613
5614 5614
5615 5615
5616 5616
5617 5617
5618 5618
5619 5619
5620 5620
5621 5621
5622 5622
5623 5623
5624 5624
5625 5625
5626 5626
5627 5627
5628 5628
5629 5629
5630 5630
5631 5631
5632 5632
5633 5633
5634 5634
5635 5635
5636 5636
5637 5637
5638 5638
5639 5639
5640 5640
5641 5641
5642 5642
5643 5643
5644 5644
5645 5645
5646 5646
5647 5647
5648 5648
5649 5649
5650 5650
5651 5651
5652 5652
5653 5653
5654 5654
5655 5655
5656 5656
5657 5657
5658 5658
5659 5659
5660 5660
5661 5661
5662 5662
5663 5663
5664 5664
5665 5665
5666 5666
5667 5667
5668 5668
5669 5669
5670 5670
5671 5671
5672 5672
5673 5673
5674 5674
5675 5675
5676 5676
5677 5677
5678 5678
5679 5679
5680 5680
5681 5681
5682 5682
5683 5683
5684 5684
5685 5685
5686 5686
5687 5687
5688 5688
5689 5689
5690 5690
5691 5691
5692 5692
5693 5693
5694 5694
5695 5695
5696 5696
5697 5697
5698 5698
5699 5699
5700 5700
5701 5701
5702 5702
5703 5703
5704 5704
5705 5705
5706 5706
5707 5707
5708 5708
5709 5709
5710 5710
5711 5711
5712 5712
5713 5713
5714 5714
5715 5715
5716 5716
5717 5717
5718 5718
5719 5719
5720 5720
5721 5721
5722 5722
5723 5723
5724 5724
5725 5725
5726 5726
5727 5727
5728 5728
5729 5729
5730 5730
5731 5731
5732 5732
5733 5733
5734 5734
5735 5735
5736 5736
5737 5737
5738 5738
5739 5739
5740 5740
5741 5741
5742 5742
5743 5743
5744 5744
5745 5745
5746 5746
5747 5747
5748 5748
5749 5749
5750 5750
5751 5751
5752 5752
5753 5753
5754 5754
5755 5755
5756 5756
5757 5757
5758 5758
5759 5759
5760 5760
5761 5761
5762 5762
5763 5763
5764 5764
5765 5765
5766 5766
5767 5767
5768 5768
5769 5769
5770 5770
5771 5771
5772 5772
5773 5773
5774 5774
5775 5775
5776 5776
5777 5777
5778 5778
5779 5779
5780 5780
5781 5781
5782 5782
5783 5783
5784 5784
5785 5785
5786 5786
5787 5787
5788 5788
5789 5789
5790 5790
5791 5791
5792 5792
5793 5793
5794 5794
5795 5795
5796 5796
5797 5797
5798 5798
5799 5799
5800 5800
5801 5801
5802 5802
5803 5803
5804 5804
5805 5805
5806 5806
5807 5807
5808 5808
5809 5809
5810 5810
5811 5811
5812 5812
5813 5813
5814 5814
5815 5815
5816 5816
5817 5817
5818 5818
5819 5819
5820 5820
5821 5821
5822 5822
5823 5823
5824 5824
5825 5825
5826 5826
5827 5827
5828 5828
5829 5829
5830 5830
5831 5831
5832 5832
5833 5833
5834 5834
5835 5835
5836 5836
5837 5837
5838 5838
5839 5839
5840 5840
5841 5841
5842 5842
5843 5843
5844 5844
5845 5845
5846 5846
5847 5847
5848 5848
5849 5849
5850 5850
5851 5851
5852 5852
5853 5853
5854 5854
5855 5855
5856 5856
5857 5857
5858 5858
5859 5859
5860 5860
5861 5861
5862 5862
5863 5863
5864 5864
5865 5865
5866 5866
5867 5867
5868 5868
5869 5869
5870 5870
5871 5871
5872 5872
5873 5873
5874 5874
5875 5875
5876 5876
5877 5877
5878 5878
5879 5879
5880 5880
5881 5881
5882 5882
5883 5883
5884 5884
5885 5885
5886 5886
5887 5887
5888 5888
5889 5889
5890 5890
5891 5891
5892 5892
5893 5893
5894 5894
5895 5895
5896 5896
5897 5897
5898 5898
5899 5899
5900 5900
5901 5901
5902 5902
5903 5903
5904 5904
5905 5905
5906 5906
5907 5907
5908 5908
1432 5909
5910 5910
5911 5911
5912 5912
5913 5913
5914 5914
5915 5915
5916 5916
5917 5917
5918 5918
5919 5919
5920 5920
5921 5921
5922 5922
5923 5923
5924 5924
5925 5925
5926 5926
5927 5927
5928 5928
5929 5929
5930 5930
5931 5931
5932 5932
5933 5933
5934 5934
5935 5935
5936 5936
5937 5937
5938 5938
5939 5939
5940 5940
5941 5941
5942 5942
5943 5943
5944 5944
5945 5945
5946 5946
5947 5947
5948 5948
5949 5949
5950 5950
5951 5951
5952 5952
5953 5953
5954 5954
5955 5955
5956 5956
5957 5957
5958 5958
5959 5959
5960 5960
5961 5961
5962 5962
5963 5963
5964 5964
5965 5965
5966 5966
5967 5967
1433 5968
1434 5969
1435 5970
5971 5971
5972 5972
5973 5973
5974 5974
5975 5975
5976 5976
5977 5977
5978 5978
5979 5979
5980 5980
5981 5981
5982 5982
5983 5983
5984 5984
5985 5985
5986 5986
5987 5987
5988 5988
5989 5989
5990 5990
5991 5991
5992 5992
5993 5993
5994 5994
5995 5995
5996 5996
5997 5997
5998 5998
5999 5999
6000 6000
6001 6001
6002 6002
6003 6003
6004 6004
6005 6005
6006 6006
6007 6007
6008 6008
6009 6009
6010 6010
6011 6011
6012 6012
6013 6013
6014 6014
6015 6015
6016 6016
6017 6017
6018 6018
6019 6019
6020 6020
6021 6021
6022 6022
6023 6023
6024 6024
6025 6025
6026 6026
6027 6027
6028 6028
6029 6029
6030 6030
6031 6031
6032 6032
6033 6033
6034 6034
6035 6035
6036 6036
6037 6037
6038 6038
6039 6039
6040 6040
6041 6041
6042 6042
6043 6043
6044 6044
6045 6045
6046 6046
6047 6047
6048 6048
6049 6049
6050 6050
6051 6051
6052 6052
6053 6053
6054 6054
6055 6055
6056 6056
6057 6057
6058 6058
6059 6059
6060 6060
6061 6061
6062 6062
6063 6063
6064 6064
6065 6065
6066 6066
6067 6067
6068 6068
6069 6069
6070 6070
6071 6071
6072 6072
6073 6073
6074 6074
6075 6075
6076 6076
6077 6077
6078 6078
6079 6079
6080 6080
6081 6081
6082 6082
6083 6083
6084 6084
6085 6085
6086 6086
6087 6087
6088 6088
6089 6089
6090 6090
6091 6091
6092 6092
6093 6093
6094 6094
6095 6095
6096 6096
6097 6097
6098 6098
6099 6099
6100 6100
6101 6101
6102 6102
6103 6103
6104 6104
6105 6105
6106 6106
6107 6107
6108 6108
6109 6109
6110 6110
6111 6111
6112 6112
6113 6113
6114 6114
6115 6115
6116 6116
6117 6117
6118 6118
6119 6119
6120 6120
6121 6121
6122 6122
6123 6123
6124 6124
6125 6125
6126 6126
6127 6127
6128 6128
6129 6129
6130 6130
6131 6131
6132 6132
6133 6133
6134 6134
6135 6135
6136 6136
6137 6137
6138 6138
6139 6139
6140 6140
6141 6141
6142 6142
6143 6143
6144 6144
6145 6145
6146 6146
6147 6147
6148 6148
6149 6149
6150 6150
6151 6151
6152 6152
6153 6153
6154 6154
6155 6155
6156 6156
6157 6157
6158 6158
6159 6159
6160 6160
6161 6161
6162 6162
6163 6163
6164 6164
6165 6165
6166 6166
6167 6167
6168 6168
6169 6169
6170 6170
6171 6171
6172 6172
6173 6173
6174 6174
6175 6175
6176 6176
6177 6177
6178 6178
6179 6179
6180 6180
6181 6181
6182 6182
6183 6183
6184 6184
6185 6185
6186 6186
6187 6187
6188 6188
6189 6189
6190 6190
6191 6191
6192 6192
6193 6193
6194 6194
6195 6195
6196 6196
6197 6197
6198 6198
6199 6199
6200 6200
6201 6201
6202 6202
6203 6203
6204 6204
6205 6205
6206 6206
6207 6207
6208 6208
6209 6209
6210 6210
6211 6211
6212 6212
6213 6213
6214 6214
6215 6215
6216 6216
6217 6217
6218 6218
6219 6219
6220 6220
6221 6221
6222 6222
6223 6223
6224 6224
6225 6225
6226 6226
6227 6227
6228 6228
6229 6229
6230 6230
6231 6231
6232 6232
6233 6233
6234 6234
6235 6235
6236 6236
6237 6237
6238 6238
6239 6239
6240 6240
6241 6241
6242 6242
6243 6243
6244 6244
6245 6245
6246 6246
1436 6247
1437 6248
1438 6249
1439 6250
1440 6251
1441 6252
6253 6253
6254 6254
1443 6255
6256 6256
6257 6257
6258 6258
6259 6259
6260 6260
6261 6261
6262 6262
6263 6263
6264 6264
6265 6265
6266 6266
6267 6267
6268 6268
6269 6269
6270 6270
6271 6271
6272 6272
6273 6273
6274 6274
6275 6275
6276 6276
6277 6277
6278 6278
6279 6279
6280 6280
6281 6281
6282 6282
6283 6283
6284 6284
6285 6285
6286 6286
6287 6287
6288 6288
6289 6289
6290 6290
6291 6291
6292 6292
6293 6293
6294 6294
6295 6295
6296 6296
6297 6297
6298 6298
6299 6299
6300 6300
6301 6301
6302 6302
6303 6303
6304 6304
6305 6305
6306 6306
6307 6307
6308 6308
6309 6309
6310 6310
6311 6311
6312 6312
6313 6313
6314 6314
6315 6315
6316 6316
6317 6317
6318 6318
6319 6319
6320 6320
6321 6321
6322 6322
6323 6323
6324 6324
6325 6325
6326 6326
6327 6327
6328 6328
6329 6329
6330 6330
6331 6331
6332 6332
6333 6333
6334 6334
6335 6335
6336 6336
6337 6337
6338 6338
6339 6339
6340 6340
6341 6341
6342 6342
6343 6343
6344 6344
6345 6345
6346 6346
6347 6347
6348 6348
6349 6349
6350 6350
6351 6351
6352 6352
6353 6353
6354 6354
6355 6355
6356 6356
6357 6357
6358 6358
6359 6359
6360 6360
6361 6361
6362 6362
6363 6363
6364 6364
6365 6365
6366 6366
6367 6367
6368 6368
6369 6369
6370 6370
6371 6371
6372 6372
6373 6373
6374 6374
6375 6375
6376 6376
6377 6377
6378 6378
6379 6379
6380 6380
6381 6381
6382 6382
6383 6383
6384 6384
6385 6385
6386 6386
6387 6387
6388 6388
6389 6389
6390 6390
6391 6391
6392 6392
6393 6393
6394 6394
6395 6395
6396 6396
6397 6397
6398 6398
6399 6399
6400 6400
6401 6401
6402 6402
6403 6403
6404 6404
6405 6405
6406 6406
6407 6407
6408 6408
6409 6409
6410 6410
6411 6411
6412 6412
6413 6413
6414 6414
6415 6415
6416 6416
6417 6417
6418 6418
6419 6419
6420 6420
6421 6421
6422 6422
6423 6423
6424 6424
6425 6425
6426 6426
6427 6427
6428 6428
6429 6429
6430 6430
6431 6431
6432 6432
6433 6433
6434 6434
6435 6435
6436 6436
6437 6437
6438 6438
6439 6439
6440 6440
6441 6441
6442 6442
6443 6443
6444 6444
6445 6445
6446 6446
6447 6447
6448 6448
6449 6449
6450 6450
6451 6451
6452 6452
6453 6453
6454 6454
6455 6455
6456 6456
6457 6457
6458 6458
6459 6459
6460 6460
6461 6461
6462 6462
6463 6463
6464 6464
6465 6465
6466 6466
6467 6467
6468 6468
6469 6469
6470 6470
6471 6471
6472 6472
6473 6473
6474 6474
6475 6475
6476 6476
6477 6477
6478 6478
6479 6479
6480 6480
6481 6481
6482 6482
6483 6483
6484 6484
6485 6485
6486 6486
1444 6487
6488 6488
6489 6489
6490 6490
6491 6491
6492 6492
6493 6493
6494 6494
6495 6495
6496 6496
6497 6497
6498 6498
6499 6499
6500 6500
6501 6501
6502 6502
6503 6503
6504 6504
6505 6505
6506 6506
6507 6507
6508 6508
6509 6509
6510 6510
6511 6511
6512 6512
6513 6513
6514 6514
6515 6515
6516 6516
6517 6517
6518 6518
6519 6519
6520 6520
6521 6521
6522 6522
6523 6523
6524 6524
6525 6525
6526 6526
6527 6527
6528 6528
6529 6529
6530 6530
6531 6531
6532 6532
6533 6533
6534 6534
6535 6535
6536 6536
6537 6537
6538 6538
6539 6539
6540 6540
6541 6541
6542 6542
6543 6543
6544 6544
6545 6545
6546 6546
6547 6547
6548 6548
6549 6549
6550 6550
6551 6551
6552 6552
6553 6553
6554 6554
6555 6555
6556 6556
6557 6557
6558 6558
6559 6559
6560 6560
6561 6561
6562 6562
6563 6563
6564 6564
6565 6565
6566 6566
6567 6567
6568 6568
6569 6569
6570 6570
6571 6571
6572 6572
6573 6573
6574 6574
6575 6575
6576 6576
6577 6577
6578 6578
6579 6579
6580 6580
6581 6581
6582 6582
6583 6583
6584 6584
6585 6585
6586 6586
6587 6587
6588 6588
6589 6589
6590 6590
6591 6591
6592 6592
6593 6593
6594 6594
6595 6595
6596 6596
6597 6597
6598 6598
6599 6599
6600 6600
6601 6601
6602 6602
6603 6603
6604 6604
6605 6605
6606 6606
6607 6607
6608 6608
6609 6609
6610 6610
6611 6611
6612 6612
6613 6613
6614 6614
6615 6615
6616 6616
6617 6617
6618 6618
6619 6619
6620 6620
6621 6621
6622 6622
6623 6623
6624 6624
6625 6625
6626 6626
6627 6627
6628 6628
6629 6629
6630 6630
6631 6631
6632 6632
6633 6633
6634 6634
6635 6635
6636 6636
6637 6637
6638 6638
6639 6639
6640 6640
6641 6641
6642 6642
6643 6643
6644 6644
6645 6645
6646 6646
6647 6647
6648 6648
6649 6649
6650 6650
6651 6651
6652 6652
6653 6653
6654 6654
6655 6655
6656 6656
6657 6657
6658 6658
6659 6659
6660 6660
6661 6661
6662 6662
6663 6663
6664 6664
6665 6665
6666 6666
6667 6667
6668 6668
6669 6669
6670 6670
6671 6671
6672 6672
6673 6673
6674 6674
6675 6675
6676 6676
6677 6677
6678 6678
6679 6679
6680 6680
6681 6681
6682 6682
6683 6683
6684 6684
6685 6685
6686 6686
6687 6687
6688 6688
6689 6689
6690 6690
6691 6691
6692 6692
6693 6693
6694 6694
6695 6695
6696 6696
6697 6697
6698 6698
6699 6699
6700 6700
6701 6701
6702 6702
6703 6703
6704 6704
6705 6705
6706 6706
6707 6707
6708 6708
6709 6709
6710 6710
6711 6711
6712 6712
6713 6713
6714 6714
6715 6715
6716 6716
6717 6717
6718 6718
6719 6719
6720 6720
6721 6721
6722 6722
6723 6723
6724 6724
6725 6725
6726 6726
6727 6727
6728 6728
6729 6729
6730 6730
6731 6731
6732 6732
6733 6733
6734 6734
6735 6735
6736 6736
6737 6737
6738 6738
6739 6739
6740 6740
6741 6741
6742 6742
6743 6743
6744 6744
6745 6745
6746 6746
6747 6747
6748 6748
6749 6749
6750 6750
6751 6751
6752 6752
6753 6753
6754 6754
6755 6755
6756 6756
6757 6757
6758 6758
6759 6759
6760 6760
6761 6761
6762 6762
6763 6763
6764 6764
6765 6765
6766 6766
6767 6767
6768 6768
6769 6769
6770 6770
6771 6771
6772 6772
6773 6773
6774 6774
6775 6775
6776 6776
6777 6777
6778 6778
6779 6779
6780 6780
6781 6781
6782 6782
1445 6783
6784 6784
6785 6785
6786 6786
6787 6787
6788 6788
6789 6789
6790 6790
6791 6791
6792 6792
6793 6793
6794 6794
6795 6795
6796 6796
6797 6797
6798 6798
6799 6799
6800 6800
6801 6801
6802 6802
6803 6803
6804 6804
6805 6805
6806 6806
6807 6807
6808 6808
6809 6809
6810 6810
6811 6811
6812 6812
6813 6813
6814 6814
6815 6815
6816 6816
6817 6817
6818 6818
6819 6819
6820 6820
6821 6821
6822 6822
6823 6823
6824 6824
6825 6825
6826 6826
6827 6827
6828 6828
6829 6829
6830 6830
6831 6831
6832 6832
6833 6833
6834 6834
6835 6835
6836 6836
6837 6837
6838 6838
6839 6839
6840 6840
6841 6841
6842 6842
6843 6843
6844 6844
6845 6845
6846 6846
6847 6847
6848 6848
6849 6849
6850 6850
6851 6851
6852 6852
6853 6853
6854 6854
6855 6855
6856 6856
6857 6857
6858 6858
6859 6859
6860 6860
6861 6861
6862 6862
6863 6863
6864 6864
6865 6865
6866 6866
6867 6867
6868 6868
6869 6869
6870 6870
6871 6871
6872 6872
6873 6873
6874 6874
6875 6875
6876 6876
6877 6877
6878 6878
6879 6879
6880 6880
6881 6881
6882 6882
6883 6883
6884 6884
6885 6885
6886 6886
6887 6887
6888 6888
6889 6889
6890 6890
6891 6891
6892 6892
6893 6893
6894 6894
6895 6895
6896 6896
6897 6897
6898 6898
6899 6899
6900 6900
6901 6901
6902 6902
6903 6903
6904 6904
6905 6905
6906 6906
6907 6907
6908 6908
6909 6909
6910 6910
6911 6911
6912 6912
6913 6913
6914 6914
6915 6915
6916 6916
6917 6917
6918 6918
6919 6919
6920 6920
6921 6921
6922 6922
6923 6923
6924 6924
6925 6925
6926 6926
6927 6927
6928 6928
6929 6929
6930 6930
6931 6931
6932 6932
6933 6933
6934 6934
6935 6935
6936 6936
6937 6937
6938 6938
6939 6939
6940 6940
6941 6941
6942 6942
6943 6943
6944 6944
6945 6945
6946 6946
6947 6947
6948 6948
6949 6949
6950 6950
6951 6951
6952 6952
6953 6953
6954 6954
6955 6955
6956 6956
6957 6957
6958 6958
6959 6959
6960 6960
6961 6961
6962 6962
6963 6963
6964 6964
6965 6965
6966 6966
6967 6967
6968 6968
6969 6969
6970 6970
6971 6971
6972 6972
6973 6973
6974 6974
6975 6975
6976 6976
6977 6977
6978 6978
6979 6979
6980 6980
6981 6981
6982 6982
6983 6983
6984 6984
6985 6985
6986 6986
6987 6987
6988 6988
6989 6989
6990 6990
6991 6991
6992 6992
6993 6993
6994 6994
6995 6995
6996 6996
6997 6997
6998 6998
6999 6999
7000 7000
7001 7001
7002 7002
7003 7003
7004 7004
7005 7005
7006 7006
7007 7007
7008 7008
7009 7009
7010 7010
7011 7011
7012 7012
7013 7013
7014 7014
7015 7015
7016 7016
7017 7017
7018 7018
7019 7019
7020 7020
7021 7021
7022 7022
7023 7023
7024 7024
7025 7025
7026 7026
7027 7027
7028 7028
7029 7029
7030 7030
7031 7031
7032 7032
7033 7033
7034 7034
7035 7035
7036 7036
7037 7037
7038 7038
7039 7039
7040 7040
7041 7041
7042 7042
7043 7043
7044 7044
7045 7045
7046 7046
7047 7047
7048 7048
7049 7049
7050 7050
7051 7051
7052 7052
7053 7053
7054 7054
7055 7055
7056 7056
7057 7057
7058 7058
7059 7059
7060 7060
7061 7061
7062 7062
7063 7063
7064 7064
7065 7065
7066 7066
7067 7067
7068 7068
7069 7069
7070 7070
7071 7071
7072 7072
7073 7073
7074 7074
7075 7075
7076 7076
7077 7077
7078 7078
7079 7079
7080 7080
7081 7081
7082 7082
7083 7083
7084 7084
7085 7085
7086 7086
7087 7087
7088 7088
7089 7089
7090 7090
7091 7091
7092 7092
7093 7093
7094 7094
7095 7095
7096 7096
7097 7097
7098 7098
7099 7099
7100 7100
7101 7101
7102 7102
7103 7103
7104 7104
7105 7105
7106 7106
7107 7107
7108 7108
7109 7109
7110 7110
7111 7111
7112 7112
7113 7113
7114 7114
7115 7115
7116 7116
7117 7117
7118 7118
7119 7119
7120 7120
7121 7121
7122 7122
7123 7123
7124 7124
7125 7125
7126 7126
7127 7127
7128 7128
7129 7129
7130 7130
7131 7131
7132 7132
7133 7133
7134 7134
7135 7135
7136 7136
7137 7137
7138 7138
7139 7139
7140 7140
7141 7141
7142 7142
7143 7143
7144 7144
7145 7145
7146 7146
7147 7147
7148 7148
7149 7149
7150 7150
7151 7151
7152 7152
7153 7153
7154 7154
7155 7155
7156 7156
7157 7157
7158 7158
7159 7159
7160 7160
7161 7161
7162 7162
7163 7163
7164 7164
7165 7165
7166 7166
7167 7167
7168 7168
7169 7169
7170 7170
7171 7171
7172 7172
7173 7173
7174 7174
7175 7175
7176 7176
7177 7177
7178 7178
7179 7179
7180 7180
7181 7181
7182 7182
7183 7183
7184 7184
7185 7185
7186 7186
7187 7187
7188 7188
7189 7189
7190 7190
7191 7191
7192 7192
7193 7193
7194 7194
7195 7195
7196 7196
7197 7197
7198 7198
7199 7199
7200 7200
7201 7201
7202 7202
7203 7203
7204 7204
7205 7205
7206 7206
7207 7207
7208 7208
7209 7209
7210 7210
7211 7211
7212 7212
7213 7213
7214 7214
7215 7215
7216 7216
7217 7217
7218 7218
7219 7219
7220 7220
7221 7221
7222 7222
7223 7223
7224 7224
7225 7225
7226 7226
7227 7227
7228 7228
7229 7229
7230 7230
7231 7231
7232 7232
7233 7233
7234 7234
7235 7235
7236 7236
7237 7237
7238 7238
7239 7239
7240 7240
7241 7241
7242 7242
7243 7243
7244 7244
7245 7245
7246 7246
7247 7247
7248 7248
7249 7249
7250 7250
7251 7251
7252 7252
7253 7253
7254 7254
7255 7255
7256 7256
7257 7257
7258 7258
7259 7259
7260 7260
7261 7261
7262 7262
7263 7263
7264 7264
7265 7265
7266 7266
7267 7267
7268 7268
7269 7269
7270 7270
7271 7271
7272 7272
7273 7273
7274 7274
7275 7275
7276 7276
7277 7277
7278 7278
7279 7279
7280 7280
7281 7281
7282 7282
7283 7283
7284 7284
7285 7285
7286 7286
7287 7287
7288 7288
7289 7289
7290 7290
7291 7291
7292 7292
7293 7293
7294 7294
7295 7295
7296 7296
7297 7297
7298 7298
7299 7299
7300 7300
7301 7301
7302 7302
7303 7303
7304 7304
7305 7305
7306 7306
7307 7307
7308 7308
7309 7309
7310 7310
7311 7311
7312 7312
7313 7313
7314 7314
7315 7315
7316 7316
7317 7317
7318 7318
7319 7319
7320 7320
7321 7321
7322 7322
7323 7323
7324 7324
7325 7325
7326 7326
7327 7327
7328 7328
7329 7329
7330 7330
7331 7331
7332 7332
7333 7333
7334 7334
7335 7335
7336 7336
7337 7337
7338 7338
7339 7339
7340 7340
7341 7341
7342 7342
7343 7343
7344 7344
7345 7345
7346 7346
7347 7347
7348 7348
7349 7349
7350 7350
7351 7351
7352 7352
7353 7353
7354 7354
7355 7355
7356 7356
7357 7357
7358 7358
7359 7359
7360 7360
7361 7361
7362 7362
7363 7363
7364 7364
7365 7365
7366 7366
7367 7367
7368 7368
7369 7369
7370 7370
7371 7371
7372 7372
7373 7373
7374 7374
7375 7375
7376 7376
7377 7377
7378 7378
7379 7379
7380 7380
7381 7381
7382 7382
7383 7383
7384 7384
7385 7385
7386 7386
7387 7387
7388 7388
7389 7389
7390 7390
7391 7391
7392 7392
7393 7393
7394 7394
7395 7395
7396 7396
7397 7397
7398 7398
7399 7399
7400 7400
7401 7401
7402 7402
7403 7403
7404 7404
7405 7405
7406 7406
7407 7407
7408 7408
7409 7409
7410 7410
7411 7411
7412 7412
7413 7413
7414 7414
7415 7415
7416 7416
7417 7417
7418 7418
7419 7419
7420 7420
7421 7421
7422 7422
7423 7423
7424 7424
7425 7425
7426 7426
7427 7427
7428 7428
7429 7429
7430 7430
7431 7431
7432 7432
7433 7433
7434 7434
7435 7435
7436 7436
7437 7437
7438 7438
7439 7439
7440 7440
7441 7441
7442 7442
7443 7443
7444 7444
7445 7445
7446 7446
7447 7447
7448 7448
7449 7449
7450 7450
7451 7451
7452 7452
7453 7453
7454 7454
7455 7455
7456 7456
7457 7457
7458 7458
7459 7459
7460 7460
7461 7461
7462 7462
7463 7463
7464 7464
7465 7465
7466 7466
7467 7467
7468 7468
7469 7469
7470 7470
7471 7471
7472 7472
7473 7473
7474 7474
7475 7475
7476 7476
7477 7477
7478 7478
7479 7479
7480 7480
7481 7481
7482 7482
7483 7483
7484 7484
7485 7485
7486 7486
7487 7487
7488 7488
7489 7489
7490 7490
7491 7491
7492 7492
7493 7493
7494 7494
7495 7495
7496 7496
7497 7497
7498 7498
7499 7499
7500 7500
7501 7501
7502 7502
7503 7503
7504 7504
7505 7505
7506 7506
7507 7507
7508 7508
7509 7509
7510 7510
7511 7511
7512 7512
7513 7513
7514 7514
7515 7515
7516 7516
7517 7517
7518 7518
7519 7519
7520 7520
7521 7521
7522 7522
7523 7523
7524 7524
7525 7525
7526 7526
7527 7527
7528 7528
7529 7529
7530 7530
7531 7531
7532 7532
7533 7533
7534 7534
7535 7535
7536 7536
7537 7537
7538 7538
7539 7539
7540 7540
7541 7541
7542 7542
7543 7543
7544 7544
7545 7545
7546 7546
7547 7547
7548 7548
7549 7549
7550 7550
7551 7551
7552 7552
7553 7553
7554 7554
7555 7555
7556 7556
7557 7557
7558 7558
7559 7559
7560 7560
7561 7561
7562 7562
7563 7563
7564 7564
7565 7565
7566 7566
7567 7567
7568 7568
7569 7569
7570 7570
7571 7571
7572 7572
7573 7573
7574 7574
7575 7575
7576 7576
7577 7577
7578 7578
7579 7579
7580 7580
7581 7581
7582 7582
7583 7583
7584 7584
7585 7585
7586 7586
7587 7587
7588 7588
7589 7589
7590 7590
7591 7591
7592 7592
7593 7593
7594 7594
7595 7595
7596 7596
7597 7597
7598 7598
7599 7599
7600 7600
7601 7601
7602 7602
7603 7603
7604 7604
7605 7605
7606 7606
7607 7607
7608 7608
7609 7609
7610 7610
7611 7611
7612 7612
7613 7613
7614 7614
7615 7615
7616 7616
7617 7617
7618 7618
7619 7619
7620 7620
7621 7621
7622 7622
7623 7623
7624 7624
7625 7625
7626 7626
7627 7627
7628 7628
7629 7629
7630 7630
7631 7631
7632 7632
7633 7633
7634 7634
7635 7635
7636 7636
7637 7637
7638 7638
7639 7639
7640 7640
7641 7641
7642 7642
7643 7643
7644 7644
7645 7645
7646 7646
7647 7647
7648 7648
7649 7649
7650 7650
7651 7651
7652 7652
7653 7653
7654 7654
7655 7655
7656 7656
7657 7657
7658 7658
7659 7659
7660 7660
7661 7661
7662 7662
7663 7663
7664 7664
7665 7665
7666 7666
7667 7667
7668 7668
7669 7669
7670 7670
7671 7671
7672 7672
7673 7673
7674 7674
7675 7675
7676 7676
7677 7677
7678 7678
7679 7679
7680 7680
7681 7681
7682 7682
7683 7683
7684 7684
7685 7685
7686 7686
7687 7687
7688 7688
7689 7689
7690 7690
7691 7691
7692 7692
7693 7693
7694 7694
7695 7695
7696 7696
7697 7697
7698 7698
7699 7699
7700 7700
7701 7701
7702 7702
7703 7703
7704 7704
7705 7705
7706 7706
7707 7707
7708 7708
7709 7709
7710 7710
7711 7711
7712 7712
7713 7713
7714 7714
7715 7715
7716 7716
7717 7717
7718 7718
7719 7719
7720 7720
7721 7721
7722 7722
7723 7723
7724 7724
7725 7725
7726 7726
7727 7727
7728 7728
7729 7729
7730 7730
7731 7731
7732 7732
7733 7733
1446 7734
7735 7735
1448 7736
7737 7737
7738 7738
7739 7739
7740 7740
7741 7741
7742 7742
7743 7743
7744 7744
7745 7745
7746 7746
7747 7747
7748 7748
1449 7749
7750 7750
7751 7751
7752 7752
7753 7753
7754 7754
7755 7755
7756 7756
7757 7757
7758 7758
7759 7759
7760 7760
1450 7761
1451 7762
1453 7763
7764 7764
7765 7765
7766 7766
7767 7767
7768 7768
7769 7769
7770 7770
7771 7771
7772 7772
7773 7773
7774 7774
1454 7775
7776 7776
7777 7777
7778 7778
7779 7779
7780 7780
7781 7781
7782 7782
7783 7783
7784 7784
7785 7785
7786 7786
7787 7787
7788 7788
7789 7789
7790 7790
7791 7791
7792 7792
7793 7793
7794 7794
7795 7795
7796 7796
7797 7797
7798 7798
7799 7799
7800 7800
1456 7801
7802 7802
7803 7803
7804 7804
1457 7805
1458 7806
7807 7807
7808 7808
7809 7809
7810 7810
7811 7811
7812 7812
7813 7813
7814 7814
7815 7815
7816 7816
7817 7817
7818 7818
7819 7819
7820 7820
7821 7821
7822 7822
7823 7823
7824 7824
7825 7825
7826 7826
7827 7827
7828 7828
7829 7829
7830 7830
7831 7831
7832 7832
7833 7833
7834 7834
7835 7835
7836 7836
7837 7837
7838 7838
7839 7839
1459 7840
7841 7841
7842 7842
7843 7843
7844 7844
7845 7845
7846 7846
7847 7847
1460 7848
7849 7849
7850 7850
7851 7851
7852 7852
7853 7853
7854 7854
1461 7855
7856 7856
7857 7857
7858 7858
7859 7859
7860 7860
7861 7861
7862 7862
7863 7863
7864 7864
7865 7865
7866 7866
7867 7867
7868 7868
7869 7869
7870 7870
1462 7871
1463 7872
7873 7873
7874 7874
7875 7875
7876 7876
7877 7877
7878 7878
7879 7879
7880 7880
7881 7881
7882 7882
7883 7883
7884 7884
7885 7885
7886 7886
7887 7887
7888 7888
7889 7889
7890 7890
7891 7891
7892 7892
7893 7893
7894 7894
7895 7895
7896 7896
7897 7897
7898 7898
7899 7899
7900 7900
7901 7901
7902 7902
7903 7903
7904 7904
7905 7905
7906 7906
7907 7907
7908 7908
7909 7909
7910 7910
7911 7911
7912 7912
7913 7913
7914 7914
7915 7915
7916 7916
7917 7917
7918 7918
7919 7919
7920 7920
7921 7921
7922 7922
7923 7923
7924 7924
7925 7925
7926 7926
7927 7927
7928 7928
7929 7929
7930 7930
7931 7931
7932 7932
7933 7933
1464 7934
7935 7935
7936 7936
7937 7937
7938 7938
7939 7939
7940 7940
1465 7941
1466 7942
1467 7943
1468 7944
1469 7945
1470 7946
1471 7947
1472 7948
1473 7949
1474 7950
1475 7951
1476 7952
1477 7953
1478 7954
1479 7955
1480 7956
1481 7957
1482 7958
1484 7959
1485 7960
1486 7961
1487 7962
1488 7963
1489 7964
1490 7965
1491 7966
1492 7967
1493 7968
1494 7969
1495 7970
1496 7971
1497 7972
1498 7973
1499 7974
1500 7975
1501 7976
1502 7977
1505 7978
1506 7979
1507 7980
1508 7981
1509 7982
1510 7983
1511 7984
1512 7985
1513 7986
1514 7987
1515 7988
1516 7989
1517 7990
1518 7991
1519 7992
1520 7993
1521 7994
1522 7995
1523 7996
1524 7997
1525 7998
1526 7999
1527 8000
1528 8001
1530 8002
1531 8003
1532 8004
1533 8005
1534 8006
1535 8007
1536 8008
1537 8009
1538 8010
1539 8011
1540 8012
1541 8013
1542 8014
1543 8015
1544 8016
1545 8017
1546 8018
1547 8019
1548 8020
1549 8021
1550 8022
1551 8023
1552 8024
1553 8025
1554 8026
1555 8027
1557 8028
1558 8029
1559 8030
1560 8031
1561 8032
1562 8033
1563 8034
1564 8035
1565 8036
1566 8037
1567 8038
1568 8039
1569 8040
1570 8041
1571 8042
1572 8043
1573 8044
1574 8045
1575 8046
1576 8047
1577 8048
1578 8049
1579 8050
1580 8051
1581 8052
1582 8053
1583 8054
1584 8055
1586 8056
1587 8057
1588 8058
1590 8059
1591 8060
1592 8061
1593 8062
1594 8063
1595 8064
1596 8065
1597 8066
1598 8067
1599 8068
1600 8069
1601 8070
1602 8071
1605 8072
1606 8073
1607 8074
1608 8075
1609 8076
1610 8077
1611 8078
1613 8079
1614 8080
1615 8081
1616 8082
1617 8083
1618 8084
1619 8085
1620 8086
1621 8087
1622 8088
1623 8089
1624 8090
1625 8091
1626 8092
1627 8093
1628 8094
1629 8095
1630 8096
1631 8097
1632 8098
1633 8099
1634 8100
1635 8101
1636 8102
1637 8103
1638 8104
1639 8105
1640 8106
1641 8107
1642 8108
1643 8109
1644 8110
1645 8111
1646 8112
1647 8113
1648 8114
1649 8115
1650 8116
1651 8117
1652 8118
1654 8119
1656 8120
1657 8121
1660 8122
1662 8123
1663 8124
1664 8125
1665 8126
1666 8127
1667 8128
1668 8129
1669 8130
1670 8131
1671 8132
1672 8133
1673 8134
1674 8135
1675 8136
1676 8137
1677 8138
1678 8139
1679 8140
1680 8141
1681 8142
1682 8143
1683 8144
1686 8145
1687 8146
1688 8147
1689 8148
1690 8149
1691 8150
1692 8151
1693 8152
1694 8153
1695 8154
1696 8155
1697 8156
1698 8157
1699 8158
1700 8159
1701 8160
1702 8161
1703 8162
1704 8163
1705 8164
1706 8165
1707 8166
1708 8167
1709 8168
1710 8169
1711 8170
1712 8171
1713 8172
1714 8173
1715 8174
1716 8175
1717 8176
1720 8177
1721 8178
1722 8179
1723 8180
1724 8181
1725 8182
1726 8183
1727 8184
1728 8185
1729 8186
1730 8187
1731 8188
1732 8189
1733 8190
1734 8191
1735 8192
1736 8193
1739 8194
1741 8195
1742 8196
1743 8197
1744 8198
1745 8199
1746 8200
1747 8201
1750 8202
1751 8203
1752 8204
1753 8205
1754 8206
1755 8207
1756 8208
1757 8209
1758 8210
1759 8211
1760 8212
1761 8213
1762 8214
1763 8215
1764 8216
1765 8217
1766 8218
1767 8219
1768 8220
1769 8221
1770 8222
1771 8223
1772 8224
1773 8225
1774 8226
1775 8227
1776 8228
1777 8229
1778 8230
1779 8231
1780 8232
1781 8233
1782 8234
1783 8235
1784 8236
1785 8237
1786 8238
1787 8239
1788 8240
1789 8241
1790 8242
1791 8243
1792 8244
1793 8245
1794 8246
1795 8247
1796 8248
1798 8249
1799 8250
1800 8251
1801 8252
1802 8253
1803 8254
1804 8255
1805 8256
1806 8257
1807 8258
1808 8259
1809 8260
1810 8261
1811 8262
1813 8263
1814 8264
1815 8265
1816 8266
1817 8267
1818 8268
1819 8269
1820 8270
1821 8271
1822 8272
1823 8273
1824 8274
1825 8275
1826 8276
1827 8277
1828 8278
1829 8279
1830 8280
1831 8281
1832 8282
1833 8283
1834 8284
1835 8285
1836 8286
1837 8287
1839 8288
1840 8289
1841 8290
1842 8291
1843 8292
1844 8293
1845 8294
1846 8295
1847 8296
1848 8297
1849 8298
1850 8299
1851 8300
1852 8301
1853 8302
1856 8303
1857 8304
1858 8305
1859 8306
1860 8307
1861 8308
1862 8309
1863 8310
1864 8311
1865 8312
1866 8313
1867 8314
1868 8315
1869 8316
1870 8317
1871 8318
1872 8319
1873 8320
1876 8321
1877 8322
1878 8323
1880 8324
1881 8325
1882 8326
1883 8327
1884 8328
1885 8329
1886 8330
1887 8331
1888 8332
1890 8333
1891 8334
1892 8335
1893 8336
1894 8337
1895 8338
1896 8339
1897 8340
1898 8341
1899 8342
1900 8343
1901 8344
1902 8345
1903 8346
1904 8347
1905 8348
1906 8349
1907 8350
1908 8351
1909 8352
1910 8353
1911 8354
1913 8355
1914 8356
1915 8357
1916 8358
1917 8359
1918 8360
1919 8361
1921 8362
1922 8363
1923 8364
1924 8365
1925 8366
1926 8367
1927 8368
1928 8369
1929 8370
1930 8371
1931 8372
1932 8373
1933 8374
1934 8375
1935 8376
1936 8377
1937 8378
1938 8379
1939 8380
1940 8381
1941 8382
1942 8383
1943 8384
1944 8385
1945 8386
1946 8387
1947 8388
1948 8389
1949 8390
1952 8391
1953 8392
1954 8393
1955 8394
1956 8395
1957 8396
1959 8397
1960 8398
1961 8399
1963 8400
1964 8401
1965 8402
1967 8403
1968 8404
1969 8405
1970 8406
1971 8407
1972 8408
1973 8409
1974 8410
1975 8411
1976 8412
1977 8413
1978 8414
1979 8415
1981 8416
1982 8417
1983 8418
1984 8419
1986 8420
1987 8421
1988 8422
1989 8423
1990 8424
1991 8425
1994 8426
1996 8427
1997 8428
2008 8429
2016 8430
2017 8431
2018 8432
2019 8433
2020 8434
2021 8435
2022 8436
2024 8437
2025 8438
2026 8439
2027 8440
2029 8441
2030 8442
2031 8443
2032 8444
2035 8445
2036 8446
2045 8447
2046 8448
2047 8449
2048 8450
2049 8451
2050 8452
2051 8453
2052 8454
2053 8455
2056 8456
2058 8457
2059 8458
2060 8459
2061 8460
2074 8461
2104 8462
2106 8463
2107 8464
2117 8465
2121 8466
2122 8467
2123 8468
2124 8469
2149 8470
2154 8471
2160 8472
2166 8473
2167 8474
2170 8475
2172 8476
2173 8477
2181 8478
2187 8479
2188 8480
2198 8481
2226 8482
2230 8483
2235 8484
2262 8485
2267 8486
2269 8487
2270 8488
2271 8489
2272 8490
2273 8491
2275 8492
2278 8493
2279 8494
2285 8495
2297 8496
2301 8497
2306 8498
2309 8499
2310 8500
2311 8501
2321 8502
